290 425
144 636
120 912
272 1192
528 1464
864 1672
2580 2425
2650 2645
2768 2776
2907 2859
3370 2866
3540 2826
3654 2748
3753 2622
3885 2274
3966 2172
4098 2118
4434 2067
4551 2109
4600 2212
4566 2352
4506 2460
4488 2532
4482 2754
4515 2880
4587 2982
4716 3063
5055 3156
5115 3262
5178 3591
5247 3669
5394 3714
5560 3742
5564 3848
5632 4012
5884 4304
6200 4408
6455 4345
6572 4196
6612 3948
6588 3708
6456 3486
4986 1476
4804 1330
4618 1272
4488 1288
4236 1350
4090 1246
3908 1300
3172 2002
3040 2040
2946 1998
2870 1866
2874 1542
2968 1296
3050 1116
3046 998
3030 886
2916 794
2648 747
2502 837
2378 1012
2272 1170
2106 1296
1920 1315
1760 1280
1616 1204
1480 1104
1350 986
1250 850
1130 714
1048 552
996 438
972 362
769 294