2912 2489
2955 2471
3082 2457
3186 2434
3297 2391
3367 2347
3496 2231
3641 2069
3761 1952
3845 1845
3879 1806
3909 1783
3932 1745
3950 1679
3953 1613
3962 1559
3977 1525
4004 1494
3985 1586
3977 1651
3985 1686
4008 1713
4045 1732
4080 1747
4130 1757
4154 1761
4186 1755
4276 1712
4398 1645
4514 1607
4578 1596
4610 1600
4665 1615
4702 1635
4796 1723
4862 1798
6193 3683
6251 3803
6273 3895
6269 3955
6255 3997
6225 4020
6190 4033
6145 4023
6109 4002
5996 3876
5906 3720
5844 3526
5815 3469
5766 3422
5673 3387
5577 3352
5512 3314
5468 3270
5434 3210
5397 3111
5343 2941
5317 2895
5292 2871
5263 2862
5096 2807
4996 2766
4929 2731
4875 2686
4850 2638
4837 2580
4836 2492
4845 2420
4862 2326
4888 2208
4890 2165
4856 2054
4791 1840
4765 1787
4711 1752
4657 1736
4580 1729
4416 1742
4259 1767
4000 1824
3900 1852
3839 1886
3765 1955
3672 2060
3640 2103
3562 2252
3536 2302
3515 2395
3489 2446
3458 2490
3400 2531
3344 2551
3230 2564
3008 2544
2940 2528
2916 2513