476 319
375 378
290 440
144 650
116 866
120 930
178 1067
272 1211
370 1330
450 1408
682 1585
530 1472
864 1690
1196 1816
1485 1924
2042 2148
2100 2168
2464 2336
2566 2400
2580 2442
2606 2564
2656 2656
2770 2784
2908 2876
3140 2901
3265 2903
3370 2892
3540 2847
3652 2766
3755 2640
3828 2494
3890 2293
3967 2195
4098 2137
4200 2096
4259 2084
4343 2076
4434 2092
4493 2104
4548 2130
4582 2174
4602 2229
4590 2304
4564 2369
4505 2478
4488 2551
4482 2773
4514 2900
4583 3005
4713 3083
4880 3119
4984 3145
5056 3175
5090 3219
5115 3279
5134 3451
5169 3607
5202 3657
5246 3688
5393 3739
5559 3762
5564 3866
5589 3961
5631 4031
5743 4190
5882 4325
6005 4392
6200 4423
6304 4423
6400 4400
6458 4364
6522 4300
6572 4214
6596 4101
6612 3967
6615 3847
6585 3728
6478 3536
6318 3316
5867 2693
5306 1920
4950 1498
4855 1391
4792 1345
4724 1310
4600 1279
4457 1306
4269 1394
4277 1312
4267 1225
4232 1167
4140 1127
4016 1135
3934 1164
3856 1213
3790 1290
3741 1376
3682 1563
3626 1653
3528 1764
3414 1850
3290 1938
3160 2026
3040 2058
2979 2045
2946 2016
2905 1964
2870 1884
2865 1616
2881 1496
2916 1392
2968 1314
3011 1237
3050 1116
3060 1017
3036 904
2991 842
2916 805
2658 764
2614 786
2571 816
2521 864
2485 922
2424 1036
2358 1163
2326 1244
2284 1314
2214 1375
2140 1403
2074 1408
2008 1401
1905 1372
1821 1338
1768 1310
1616 1221
1480 1125
1352 1004
1288 936
1250 868
1130 732
1086 658
1048 570
1002 452
912 380
851 344
789 315
660 304