2853 2402
2879 2412
3039 2412
3115 2405
3193 2382
3267 2347
3335 2303
3420 2235
3542 2120
3661 1997
3765 1889
3843 1801
3890 1756
3902 1734
3914 1673
3921 1610
3943 1543
3972 1487
4032 1424
4042 1424
4051 1444
4033 1498
4016 1560
4016 1626
4027 1664
4047 1700
4076 1722
4108 1733
4164 1735
4208 1724
4247 1689
4372 1623
4529 1561
4579 1556
4656 1571
4716 1607
4774 1657
4921 1806
5128 2102
5410 2490
5880 3134
6214 3592
6276 3674
6322 3785
6346 3953
6332 4043
6308 4096
6274 4121
6204 4127
6126 4110
6054 4072
5894 3927
5850 3866
5824 3768
5816 3745
5816 3622
5788 3551
5742 3494
5695 3458
5651 3446
5402 3441
5378 3282
5355 3217
5308 3052
5253 2968
5209 2922
5114 2872
4960 2832
4836 2802
4756 2774
4730 2747
4717 2608
4771 2490
4824 2280
4824 2144
4793 2019
4762 1961
4717 1906
4622 1833
4509 1786
4302 1789
4026 1833
3932 1868
3856 1906
3724 2028
3678 2092
3585 2286
3522 2453
3491 2539
3468 2579
3399 2601
3006 2599
2954 2591
2881 2536
2857 2466
2853 2428
3037 2431
3197 2406
3369 2303
3624 2060
3790 1884
3905 1760
3931 1690
3946 1581
3969 1518
4027 1459
4017 1523
4002 1608
4005 1674
4056 1729
4147 1752
4249 1718
4323 1669
4496 1594
4588 1577
4682 1600
4896 1806
5181 2184
5535 2685
6135 3531
6272 3722
6317 3933
6276 4072
6228 4094
6104 4070
5882 3842
5846 3656
5804 3514
5682 3434
5474 3420
5440 3394
5314 2990
5180 2870
4794 2748
4772 2616
4834 2396
4858 2188
4786 1930
4576 1772
4344 1770
3920 1854
3774 1954
3640 2116
3550 2314
3464 2544
3370 2576
2976 2572
2898 2512
2886 2446
3017 2449
3133 2433
3296 2377
3468 2245
3844 1831
4641 1587
4824 1732
5017 1988
5268 2338
5800 3084
6110 3526
6238 3698
6163 3556
6260 3687
6299 3772
6331 3925
6302 4073
6237 4109
6080 4074
5954 3952
5867 3850
5849 3779
5842 3692
5932 3880
6048 4008
6170 4082
6308 4026
6321 3969
6312 3857
6255 3734
6285 3818
6157 3592
6208 3675
6201 3623
6300 3910
6283 4013
6243 4062
6133 4052
6199 4060
6255 4025
6295 3963
6094 4023
5996 3920
6044 3970
5917 3821
5870 3731
5914 3774
5963 3866
5878 3684
5844 3582
5790 3468
5729 3431
5666 3413
5475 3392
5411 3282
5498 3371
5620 3393
5519 3351
5447 3289
5419 3417
5390 3250
5335 2966
5422 3245
5359 3057
5380 3212
5305 2968
5319 2935
5259 2935
5269 2893
4894 2762
5090 2844
4792 2768
4756 2738
4748 2624
5010 2790
4812 2716
4880 2730
4952 2770
4854 2688
4805 2686
4794 2617
4832 2666
4816 2561
4767 2587
4744 2598
4815 2534
4772 2536
4809 2416
4816 2508
4857 2314
4875 2173
4822 1992
4767 1817
4704 1769
4595 1744
4520 1749
4645 1765
4718 1805
4756 1870
4757 1916
4682 1838
4602 1799
4725 1843
4703 1878
4680 1790
4481 1748
3948 1828
3740 1972
3488 2476
3429 2544
3425 2579
2946 2548