508 412
548 412
687 412
780 430
823 446
864 488
895 540
957 673
1046 828
1139 965
1277 1117
1401 1228
1497 1302
1590 1361
1688 1413
1775 1450
1915 1490
2004 1499
2178 1485
2246 1465
2342 1385
2417 1280
2483 1130
2540 1020
2617 920
2683 871
2721 867
2795 877
2889 905
2926 926
2970 970
2987 1001
3002 1061
2984 1132
2938 1227
2877 1361
2825 1489
2798 1576
2785 1739
2802 2011
2809 2127
2813 2143
2913 2181
2939 2193
3000 2194
3117 2177
3196 2140
3290 2073
3397 1981
3705 1661
3751 1513
3792 1410
3834 1330
3870 1286
3925 1243
3997 1194
4045 1170
4114 1169
4174 1193
4210 1226
4230 1260
4242 1317
4243 1379
4205 1466
4315 1413
4440 1360
4535 1341
4583 1338
4665 1348
4732 1373
4780 1396
4841 1439
4930 1526
4981 1576
5125 1745
5263 1940
5432 2174
5621 2439
5916 2839
6337 3420
6445 3564
6476 3620
6508 3717
6546 3887
6547 4023
6528 4102
6490 4185
6431 4265
6369 4307
6295 4339
6161 4339
6079 4319
6015 4291
5949 4248
5890 4193
5795 4105
5713 4010
5671 3946
5653 3904
5623 3801
5622 3670
5613 3662
5405 3662
5340 3648
5292 3620
5254 3587
5226 3546
5200 3441
5184 3328
5151 3217
5137 3163
5125 3130
5108 3107
5048 3080
4949 3053
4889 3047
4768 3008
4658 2962
4608 2918
4558 2858
4533 2771
4523 2728
4523 2519
4534 2490
4566 2453
4593 2392
4625 2267
4630 2192
4610 2091
4582 2055
4537 2026
4480 2002
4420 1999
4122 2035
4031 2055
3956 2091
3890 2139
3847 2202
3816 2260
3708 2512
3675 2613
3649 2675
3607 2722
3549 2778
3474 2808
3387 2821
2901 2813
2870 2798
2777 2711
2712 2642
2679 2570
2635 2360
2626 2307
2407 2216
1312 1781
1206 1720
988 1619
880 1559
765 1498
643 1409
505 1275
365 1111
240 952
223 928
207 838
201 823
202 709
233 608
318 500
385 456
440 431
508 412
508 320
550 315
550 395
590 395
590 315
616 313
616 395
649 395
649 313
669 313
669 395
687 395
687 313
704 313
703 401
719 406
721 319
739 320
736 413
756 416
756 324
773 326
773 420
790 421
790 329
807 333
807 427
823 432
823 342
838 349
838 441
853 452
853 360
869 370
869 467
885 485
885 382
901 394
901 522
917 539
917 406
933 414
933 584
949 619
949 427
965 651
965 443
981 459
981 683
997 475
997 715
1013 748
1013 523
1029 571
1029 777
1045 795
1045 603
1061 635
1061 827
1077 853
1077 683
1093 715
1093 875
1109 897
1109 731
1125 763
1125 923
1141 939
1141 779
1157 795
1157 955
1173 971
1173 811
1189 827
1189 987
1205 1003
1205 843
1221 860
1221 1035
1237 1058
1237 884
1253 1074
1253 923
1269 955
1269 1089
1285 1100
1285 970
1301 981
1301 1106
1317 1127
1317 999
1333 1015
1333 1138
1349 1157
1349 1033
1365 1047
1365 1173
1381 1188
1381 1062
1397 1096
1397 1078
1413 1092
1413 1211
1429 1226
1429 1112
1445 1123
1445 1242
1461 1254
1461 1139
1477 1151
1477 1255
1493 1277
1493 1163
1509 1169
1509 1283
1525 1300
1525 1180
1541 1196
1541 1316
1557 1323
1557 1208
1573 1210
1573 1326
1589 1335
1589 1229
1605 1236
1605 1346
1621 1360
1621 1248
1637 1259
1637 1366
1653 1378
1653 1270
1669 1281
1669 1385
1685 1393
1685 1289
1701 1299
1701 1401
1717 1407
1717 1309
1733 1312
1733 1421
1749 1428
1749 1323
1765 1330
1765 1431
1781 1435
1781 1338
1797 1349
1797 1440
1813 1447
1813 1355
1829 1360
1829 1452
1845 1453
1845 1365
1861 1375
1861 1456
1877 1464
1877 1381
1893 1386
1893 1464
1909 1472
1909 1391
1925 1394
1925 1478
1941 1481
1941 1398
1957 1403
1957 1486
1973 1489
1973 1410
1989 1413
1989 1487
2005 1490
2005 1417
2021 1417
2021 1492
2037 1483
2037 1417
2053 1483
2200 1460
2290 1401
2404 1262
2478 1094
2574 938
2562 921
2456 1090
2354 1300
2234 1416
2014 1454
2015 1423
2125 1421
2234 1387
2306 1330
2373 1194
2477 1046
2543 937
2514 917
2390 1135
2561 842
2677 788
2801 803
2916 826
2897 876
2923 899
2968 879
2939 909
2859 868
2790 849
2682 841
2579 908
2550 890
2619 837
2680 814
2884 838
2943 877
2951 842
3000 883
3032 966
3041 1031
3031 1125
3004 1123
3019 1058
3003 987
2956 920
2977 900
3004 949
3027 1003
3030 1080
3011 1141
3025 1147
3005 1215
2938 1331
2897 1405
2875 1466
2862 1547
2854 1663
2857 1842
2858 1892
2835 1890
2836 1615
2850 1513
2875 1434
2954 1290
3000 1185
3010 1161
2990 1160
2960 1238
2897 1358
2862 1432
2822 1563
2813 1663
2817 1871
2836 2122
2954 2164
3106 2152
3095 2125
2956 2132
2856 2101
2832 1920
2854 1920
2878 2089
2961 2112
3088 2100
3082 2080
2963 2085
2897 2066
2874 1938
2913 2044
2903 1989
2968 2061
3077 2064
3188 2025
3443 1844
3566 1743
3687 1583
3703 1592
3603 1725
3428 1876
3206 2038
3113 2096
3129 2115
3223 2057
3411 1911
3142 2140
3243 2078
3439 1901
3586 1768
3685 1655
3718 1564
3695 1559
3752 1391
3797 1306
3864 1227
3943 1173
4032 1144
4142 1139
4213 1170
4253 1226
4268 1299
4257 1390
4249 1278
4238 1222
4187 1166
4117 1146
4030 1154
3879 1233
3811 1310
3762 1400
3713 1547
3731 1546
3777 1408
3824 1320
3895 1245
3972 1191
4069 1160
4149 1168
4221 1217
4254 1342
4247 1405
4233 1441
4293 1411
4292 1394
4322 1394
4448 1336
4530 1317
4594 1311
4668 1323
4738 1348
4792 1373
4857 1424
